246994
246991
246989
246984
246982
246980
246949
246948
246945
246942
246937
246930
246871
246867
246865
246864
246859
246855
246851
246847
246846
246845
246844
246809
246808
246807
246806
246805
246804
246765
246763
246760
246759
246758
246757
246755
246751
246750
246676
246675
246495
246493
246488
246487
246434
246433
246431
246428
246424
246392
246391
246390
246276
246275
246272
246225
246222
246220
246217
246182
246181
246178
246153
246152
246151
246148
246115
246113
246089
246087
246053
246049
246048
246042
246037
246036
246012
246003
246001
245963
245954
245952
245949
245996
245833
245831
245829
245793
245785
