246994
246945
246871
246867
246864
246855
246851
246847
246844
246809
246807
246805
246759
246750
246675
246493
246488
246434
246424
246390
246272
246222
246220
246217
246182
246181
246153
246151
246148
246115
246087
246053
246049
246042
246037
246012
246001
245963
245954
245952
245831
245829
245793
245785
245775
245766
245759
245738
245731
245729
245705
245683
245554
245543
245535
245507
245505
245504
245501
245446
245410
245409
245407
245401
245353
245346
245345
245343
245233
245232
245231
245152
245146
245145
244983
244980
244918
